Maximum atomic number in file=5, Number of elements=4
***Atomic number=1; Number of charge states=1
**Charge state=1, Number of density intervals=24
1.369897e+01 2.393837e-01 8.000072e+03 8.060697e-01 3.100600e+00 -4.100360e+00 29
2.000000e-01 2.999991e-01 5.000000e-01 7.000032e-01 1.000000e+00 1.499996e+00 2.000000e+00 2.999991e+00 5.000000e+00 7.000032e+00 1.000000e+01 1.499996e+01 2.000000e+01 2.999991e+01 5.000000e+01 7.000032e+01 1.000000e+02 1.499996e+02 2.000000e+02 2.999991e+02 5.000000e+02 7.000032e+02 1.000000e+03 1.499996e+03 2.000000e+03 2.999991e+03 5.000000e+03 7.000032e+03 1.000000e+04 
2.251987e-53 2.394152e-46 1.087638e-40 3.037703e-38 2.161570e-36 6.240851e-35 3.445440e-34 1.964172e-33 8.231107e-33 1.549340e-32 2.515770e-32 3.690735e-32 4.471450e-32 5.391266e-32 6.163447e-32 6.432722e-32 6.534356e-32 6.460679e-32 6.312687e-32 6.005618e-32 5.511398e-32 5.149647e-32 4.753467e-32 4.302891e-32 3.990256e-32 3.567026e-32 3.071426e-32 2.771072e-32 2.476472e-32 
1.400000e+01 2.385178e-01 8.000072e+03 8.062509e-01 3.100291e+00 -4.099174e+00 29
2.000000e-01 2.999991e-01 5.000000e-01 7.000032e-01 1.000000e+00 1.499996e+00 2.000000e+00 2.999991e+00 5.000000e+00 7.000032e+00 1.000000e+01 1.499996e+01 2.000000e+01 2.999991e+01 5.000000e+01 7.000032e+01 1.000000e+02 1.499996e+02 2.000000e+02 2.999991e+02 5.000000e+02 7.000032e+02 1.000000e+03 1.499996e+03 2.000000e+03 2.999991e+03 5.000000e+03 7.000032e+03 1.000000e+04 
2.268694e-53 2.404248e-46 1.089451e-40 3.039462e-38 2.161067e-36 6.235502e-35 3.441429e-34 1.961301e-33 8.217256e-33 1.546607e-32 2.511214e-32 3.683986e-32 4.463297e-32 5.381576e-32 6.152717e-32 6.421830e-32 6.523672e-32 6.450590e-32 6.303182e-32 5.997076e-32 5.504172e-32 5.143288e-32 4.747994e-32 4.298354e-32 3.986329e-32 3.563875e-32 3.069111e-32 2.769223e-32 2.475050e-32 
1.430103e+01 2.375538e-01 8.000072e+03 8.061907e-01 3.099918e+00 -4.098014e+00 29
2.000000e-01 2.999991e-01 5.000000e-01 7.000032e-01 1.000000e+00 1.499996e+00 2.000000e+00 2.999991e+00 5.000000e+00 7.000032e+00 1.000000e+01 1.499996e+01 2.000000e+01 2.999991e+01 5.000000e+01 7.000032e+01 1.000000e+02 1.499996e+02 2.000000e+02 2.999991e+02 5.000000e+02 7.000032e+02 1.000000e+03 1.499996e+03 2.000000e+03 2.999991e+03 5.000000e+03 7.000032e+03 1.000000e+04 
2.289113e-53 2.416567e-46 1.091671e-40 3.041654e-38 2.160506e-36 6.229173e-35 3.436659e-34 1.957876e-33 8.200716e-33 1.543343e-32 2.505771e-32 3.675925e-32 4.453559e-32 5.370006e-32 6.139910e-32 6.408838e-32 6.510935e-32 6.438570e-32 6.291866e-32 5.986917e-32 5.495592e-32 5.135748e-32 4.741513e-32 4.292995e-32 3.981698e-32 3.560172e-32 3.066405e-32 2.767073e-32 2.473408e-32 
1.469897e+01 2.352040e-01 8.000072e+03 8.088465e-01 3.099276e+00 -4.093269e+00 29
2.000000e-01 2.999991e-01 5.000000e-01 7.000032e-01 1.000000e+00 1.499996e+00 2.000000e+00 2.999991e+00 5.000000e+00 7.000032e+00 1.000000e+01 1.499996e+01 2.000000e+01 2.999991e+01 5.000000e+01 7.000032e+01 1.000000e+02 1.499996e+02 2.000000e+02 2.999991e+02 5.000000e+02 7.000032e+02 1.000000e+03 1.499996e+03 2.000000e+03 2.999991e+03 5.000000e+03 7.000032e+03 1.000000e+04 
2.324821e-53 2.438124e-46 1.095618e-40 3.045784e-38 2.159804e-36 6.219089e-35 3.428912e-34 1.952255e-33 8.173429e-33 1.537949e-32 2.496771e-32 3.662591e-32 4.437453e-32 5.350878e-32 6.118760e-32 6.387401e-32 6.489944e-32 6.418796e-32 6.273275e-32 5.970266e-32 5.481580e-32 5.123470e-32 4.731000e-32 4.284344e-32 3.974257e-32 3.554266e-32 3.062146e-32 2.763730e-32 2.470900e-32 
1.500000e+01 2.334984e-01 8.000072e+03 8.093839e-01 3.098619e+00 -4.090712e+00 29
2.000000e-01 2.999991e-01 5.000000e-01 7.000032e-01 1.000000e+00 1.499996e+00 2.000000e+00 2.999991e+00 5.000000e+00 7.000032e+00 1.000000e+01 1.499996e+01 2.000000e+01 2.999991e+01 5.000000e+01 7.000032e+01 1.000000e+02 1.499996e+02 2.000000e+02 2.999991e+02 5.000000e+02 7.000032e+02 1.000000e+03 1.499996e+03 2.000000e+03 2.999991e+03 5.000000e+03 7.000032e+03 1.000000e+04 
2.362658e-53 2.461118e-46 1.099996e-40 3.050905e-38 2.159710e-36 6.210563e-35 3.421971e-34 1.947064e-33 8.147832e-33 1.532862e-32 2.488251e-32 3.649935e-32 4.422146e-32 5.332675e-32 6.098613e-32 6.366973e-32 6.469935e-32 6.399944e-32 6.255552e-32 5.954395e-32 5.468230e-32 5.111779e-32 4.720995e-32 4.276120e-32 3.967191e-32 3.548667e-32 3.058121e-32 2.760581e-32 2.468547e-32 
1.530103e+01 2.313701e-01 8.000072e+03 8.104305e-01 3.097787e+00 -4.087282e+00 29
2.000000e-01 2.999991e-01 5.000000e-01 7.000032e-01 1.000000e+00 1.499996e+00 2.000000e+00 2.999991e+00 5.000000e+00 7.000032e+00 1.000000e+01 1.499996e+01 2.000000e+01 2.999991e+01 5.000000e+01 7.000032e+01 1.000000e+02 1.499996e+02 2.000000e+02 2.999991e+02 5.000000e+02 7.000032e+02 1.000000e+03 1.499996e+03 2.000000e+03 2.999991e+03 5.000000e+03 7.000032e+03 1.000000e+04 
2.412195e-53 2.491283e-46 1.105881e-40 3.058260e-38 2.160187e-36 6.201462e-35 3.414115e-34 1.941017e-33 8.117583e-33 1.526820e-32 2.478095e-32 3.634801e-32 4.403810e-32 5.310823e-32 6.074366e-32 6.342348e-32 6.445774e-32 6.377134e-32 6.234073e-32 5.935115e-32 5.451956e-32 5.097487e-32 4.708725e-32 4.265989e-32 3.958453e-32 3.541701e-32 3.053059e-32 2.756581e-32 2.465517e-32 
1.569897e+01 2.277086e-01 8.000072e+03 8.132624e-01 3.096370e+00 -4.080717e+00 29
2.000000e-01 2.999991e-01 5.000000e-01 7.000032e-01 1.000000e+00 1.499996e+00 2.000000e+00 2.999991e+00 5.000000e+00 7.000032e+00 1.000000e+01 1.499996e+01 2.000000e+01 2.999991e+01 5.000000e+01 7.000032e+01 1.000000e+02 1.499996e+02 2.000000e+02 2.999991e+02 5.000000e+02 7.000032e+02 1.000000e+03 1.499996e+03 2.000000e+03 2.999991e+03 5.000000e+03 7.000032e+03 1.000000e+04 
2.499910e-53 2.544533e-46 1.116442e-40 3.072130e-38 2.161922e-36 6.188625e-35 3.402214e-34 1.931566e-33 8.069579e-33 1.517180e-32 2.461826e-32 3.610475e-32 4.374276e-32 5.275531e-32 6.035080e-32 6.302362e-32 6.406446e-32 6.339893e-32 6.198925e-32 5.903450e-32 5.425088e-32 5.073797e-32 4.688287e-32 4.249005e-32 3.943724e-32 3.529847e-32 3.044312e-32 2.749574e-32 2.460105e-32 
1.600000e+01 2.160273e-01 8.000072e+03 8.497090e-01 3.095027e+00 -4.040994e+00 29
2.000000e-01 2.999991e-01 5.000000e-01 7.000032e-01 1.000000e+00 1.499996e+00 2.000000e+00 2.999991e+00 5.000000e+00 7.000032e+00 1.000000e+01 1.499996e+01 2.000000e+01 2.999991e+01 5.000000e+01 7.000032e+01 1.000000e+02 1.499996e+02 2.000000e+02 2.999991e+02 5.000000e+02 7.000032e+02 1.000000e+03 1.499996e+03 2.000000e+03 2.999991e+03 5.000000e+03 7.000032e+03 1.000000e+04 
2.585422e-53 2.595924e-46 1.126641e-40 3.085771e-38 2.163962e-36 6.177795e-35 3.391737e-34 1.923104e-33 8.026256e-33 1.508454e-32 2.447065e-32 3.588352e-32 4.347374e-32 5.243313e-32 5.999109e-32 6.265671e-32 6.370269e-32 6.305528e-32 6.166411e-32 5.874046e-32 5.399997e-32 5.051579e-32 4.669019e-32 4.232879e-32 3.929659e-32 3.518417e-32 3.035743e-32 2.742615e-32 2.454630e-32 
1.630103e+01 2.108396e-01 8.000072e+03 8.593717e-01 3.093435e+00 -4.027570e+00 29
2.000000e-01 2.999991e-01 5.000000e-01 7.000032e-01 1.000000e+00 1.499996e+00 2.000000e+00 2.999991e+00 5.000000e+00 7.000032e+00 1.000000e+01 1.499996e+01 2.000000e+01 2.999991e+01 5.000000e+01 7.000032e+01 1.000000e+02 1.499996e+02 2.000000e+02 2.999991e+02 5.000000e+02 7.000032e+02 1.000000e+03 1.499996e+03 2.000000e+03 2.999991e+03 5.000000e+03 7.000032e+03 1.000000e+04 
2.692057e-53 2.659212e-46 1.139142e-40 3.102631e-38 2.166717e-36 6.165718e-35 3.379702e-34 1.913277e-33 7.975700e-33 1.498253e-32 2.429785e-32 3.562416e-32 4.315806e-32 5.205452e-32 5.956755e-32 6.222410e-32 6.327545e-32 6.264863e-32 6.127877e-32 5.839111e-32 5.370081e-32 5.025016e-32 4.645908e-32 4.213457e-32 3.912659e-32 3.504525e-32 3.025233e-32 2.734016e-32 2.447794e-32 
1.669897e+01 2.069746e-01 8.000072e+03 8.570051e-01 3.091329e+00 -4.024071e+00 29
2.000000e-01 2.999991e-01 5.000000e-01 7.000032e-01 1.000000e+00 1.499996e+00 2.000000e+00 2.999991e+00 5.000000e+00 7.000032e+00 1.000000e+01 1.499996e+01 2.000000e+01 2.999991e+01 5.000000e+01 7.000032e+01 1.000000e+02 1.499996e+02 2.000000e+02 2.999991e+02 5.000000e+02 7.000032e+02 1.000000e+03 1.499996e+03 2.000000e+03 2.999991e+03 5.000000e+03 7.000032e+03 1.000000e+04 
2.833449e-53 2.738921e-46 1.153157e-40 3.117648e-38 2.165199e-36 6.135162e-35 3.355880e-34 1.895890e-33 7.891017e-33 1.481477e-32 2.401710e-32 3.520652e-32 4.265184e-32 5.144987e-32 5.889320e-32 6.153609e-32 6.259645e-32 6.200250e-32 6.066644e-32 5.783573e-32 5.322472e-32 4.982704e-32 4.609048e-32 4.182426e-32 3.885459e-32 3.482241e-32 3.008310e-32 2.720124e-32 2.436706e-32 
1.700000e+01 2.038443e-01 8.000072e+03 8.534708e-01 3.089017e+00 -4.022400e+00 29
2.000000e-01 2.999991e-01 5.000000e-01 7.000032e-01 1.000000e+00 1.499996e+00 2.000000e+00 2.999991e+00 5.000000e+00 7.000032e+00 1.000000e+01 1.499996e+01 2.000000e+01 2.999991e+01 5.000000e+01 7.000032e+01 1.000000e+02 1.499996e+02 2.000000e+02 2.999991e+02 5.000000e+02 7.000032e+02 1.000000e+03 1.499996e+03 2.000000e+03 2.999991e+03 5.000000e+03 7.000032e+03 1.000000e+04 
3.004904e-53 2.836451e-46 1.171749e-40 3.142269e-38 2.169069e-36 6.117292e-35 3.338321e-34 1.881658e-33 7.818079e-33 1.466774e-32 2.376805e-32 3.483248e-32 4.219615e-32 5.090237e-32 5.827890e-32 6.090712e-32 6.197351e-32 6.140737e-32 6.010082e-32 5.732058e-32 5.278060e-32 4.943072e-32 4.574361e-32 4.153048e-32 3.859583e-32 3.460878e-32 2.991893e-32 2.706517e-32 2.425709e-32 
1.730103e+01 1.951273e-01 8.000072e+03 8.728532e-01 3.086501e+00 -3.997275e+00 29
2.000000e-01 2.999991e-01 5.000000e-01 7.000032e-01 1.000000e+00 1.499996e+00 2.000000e+00 2.999991e+00 5.000000e+00 7.000032e+00 1.000000e+01 1.499996e+01 2.000000e+01 2.999991e+01 5.000000e+01 7.000032e+01 1.000000e+02 1.499996e+02 2.000000e+02 2.999991e+02 5.000000e+02 7.000032e+02 1.000000e+03 1.499996e+03 2.000000e+03 2.999991e+03 5.000000e+03 7.000032e+03 1.000000e+04 
3.199352e-53 2.943279e-46 1.191124e-40 3.166236e-38 2.171271e-36 6.092405e-35 3.316370e-34 1.864662e-33 7.732829e-33 1.449706e-32 2.348016e-32 3.440121e-32 4.167119e-32 5.027185e-32 5.757092e-32 6.018150e-32 6.125377e-32 6.071830e-32 5.944476e-32 5.672132e-32 5.226174e-32 4.896617e-32 4.533538e-32 4.118293e-32 3.828844e-32 3.435327e-32 2.972050e-32 2.689932e-32 2.412160e-32 
1.769897e+01 2.124059e-01 8.000072e+03 7.681487e-01 3.083110e+00 -4.093645e+00 29
2.000000e-01 2.999991e-01 5.000000e-01 7.000032e-01 1.000000e+00 1.499996e+00 2.000000e+00 2.999991e+00 5.000000e+00 7.000032e+00 1.000000e+01 1.499996e+01 2.000000e+01 2.999991e+01 5.000000e+01 7.000032e+01 1.000000e+02 1.499996e+02 2.000000e+02 2.999991e+02 5.000000e+02 7.000032e+02 1.000000e+03 1.499996e+03 2.000000e+03 2.999991e+03 5.000000e+03 7.000032e+03 1.000000e+04 
3.477559e-53 3.088326e-46 1.215073e-40 3.191166e-38 2.168717e-36 6.042962e-35 3.278133e-34 1.836942e-33 7.598313e-33 1.423067e-32 2.303397e-32 3.373583e-32 4.086271e-32 4.930183e-32 5.648138e-32 5.906371e-32 6.014328e-32 5.965254e-32 5.842796e-32 5.578936e-32 5.145065e-32 4.823708e-32 4.469167e-32 4.063152e-32 3.779832e-32 3.394262e-32 2.939774e-32 2.662697e-32 2.389645e-32 
1.800000e+01 1.832301e-01 8.000072e+03 8.738342e-01 3.080433e+00 -3.980960e+00 29
2.000000e-01 2.999991e-01 5.000000e-01 7.000032e-01 1.000000e+00 1.499996e+00 2.000000e+00 2.999991e+00 5.000000e+00 7.000032e+00 1.000000e+01 1.499996e+01 2.000000e+01 2.999991e+01 5.000000e+01 7.000032e+01 1.000000e+02 1.499996e+02 2.000000e+02 2.999991e+02 5.000000e+02 7.000032e+02 1.000000e+03 1.499996e+03 2.000000e+03 2.999991e+03 5.000000e+03 7.000032e+03 1.000000e+04 
3.695458e-53 3.194701e-46 1.230182e-40 3.201269e-38 2.160680e-36 5.988703e-35 3.240200e-34 1.811042e-33 7.476729e-33 1.399264e-32 2.263832e-32 3.314887e-32 4.015106e-32 4.844943e-32 5.552433e-32 5.808137e-32 5.916635e-32 5.871337e-32 5.753055e-32 5.496474e-32 5.073016e-32 4.758751e-32 4.411612e-32 4.013623e-32 3.735647e-32 3.357028e-32 2.910256e-32 2.637622e-32 2.368746e-32 
1.830103e+01 1.966558e-01 8.000072e+03 7.805924e-01 3.077662e+00 -4.065897e+00 29
2.000000e-01 2.999991e-01 5.000000e-01 7.000032e-01 1.000000e+00 1.499996e+00 2.000000e+00 2.999991e+00 5.000000e+00 7.000032e+00 1.000000e+01 1.499996e+01 2.000000e+01 2.999991e+01 5.000000e+01 7.000032e+01 1.000000e+02 1.499996e+02 2.000000e+02 2.999991e+02 5.000000e+02 7.000032e+02 1.000000e+03 1.499996e+03 2.000000e+03 2.999991e+03 5.000000e+03 7.000032e+03 1.000000e+04 
3.934298e-53 3.304636e-46 1.243570e-40 3.204433e-38 2.146984e-36 5.917133e-35 3.192556e-34 1.779571e-33 7.331918e-33 1.371123e-32 2.217297e-32 3.246120e-32 3.931891e-32 4.745454e-32 5.440896e-32 5.693724e-32 5.802904e-32 5.762038e-32 5.648634e-32 5.400538e-32 4.989208e-32 4.683200e-32 4.344678e-32 3.956036e-32 3.684284e-32 3.313761e-32 2.875980e-32 2.608526e-32 2.344518e-32 
1.869897e+01 1.665950e-01 8.000072e+03 8.754803e-01 3.071566e+00 -3.956240e+00 29
2.000000e-01 2.999991e-01 5.000000e-01 7.000032e-01 1.000000e+00 1.499996e+00 2.000000e+00 2.999991e+00 5.000000e+00 7.000032e+00 1.000000e+01 1.499996e+01 2.000000e+01 2.999991e+01 5.000000e+01 7.000032e+01 1.000000e+02 1.499996e+02 2.000000e+02 2.999991e+02 5.000000e+02 7.000032e+02 1.000000e+03 1.499996e+03 2.000000e+03 2.999991e+03 5.000000e+03 7.000032e+03 1.000000e+04 
4.547958e-53 3.591025e-46 1.286175e-40 3.244881e-38 2.139987e-36 5.826243e-35 3.124590e-34 1.731408e-33 7.101507e-33 1.325728e-32 2.141514e-32 3.133331e-32 3.794921e-32 4.581114e-32 5.256116e-32 5.503940e-32 5.614084e-32 5.580476e-32 5.475149e-32 5.241170e-32 4.850088e-32 4.557887e-32 4.233792e-32 3.860808e-32 3.599487e-32 3.242535e-32 2.819827e-32 2.561053e-32 2.305197e-32 
1.900000e+01 1.839509e-01 8.000072e+03 7.339549e-01 3.066557e+00 -4.082796e+00 29
2.000000e-01 2.999991e-01 5.000000e-01 7.000032e-01 1.000000e+00 1.499996e+00 2.000000e+00 2.999991e+00 5.000000e+00 7.000032e+00 1.000000e+01 1.499996e+01 2.000000e+01 2.999991e+01 5.000000e+01 7.000032e+01 1.000000e+02 1.499996e+02 2.000000e+02 2.999991e+02 5.000000e+02 7.000032e+02 1.000000e+03 1.499996e+03 2.000000e+03 2.999991e+03 5.000000e+03 7.000032e+03 1.000000e+04 
5.099196e-53 3.823127e-46 1.313814e-40 3.256511e-38 2.119479e-36 5.711956e-35 3.047976e-34 1.680731e-33 6.868608e-33 1.280511e-32 2.066803e-32 3.022998e-32 3.661453e-32 4.421605e-32 5.077366e-32 5.320638e-32 5.431953e-32 5.405560e-32 5.308146e-32 5.087917e-32 4.716488e-32 4.437671e-32 4.127549e-32 3.769723e-32 3.518499e-32 3.174681e-32 2.766555e-32 2.516177e-32 2.268206e-32 
1.930103e+01 1.434605e-01 8.000072e+03 8.796782e-01 3.057766e+00 -3.914030e+00 29
2.000000e-01 2.999991e-01 5.000000e-01 7.000032e-01 1.000000e+00 1.499996e+00 2.000000e+00 2.999991e+00 5.000000e+00 7.000032e+00 1.000000e+01 1.499996e+01 2.000000e+01 2.999991e+01 5.000000e+01 7.000032e+01 1.000000e+02 1.499996e+02 2.000000e+02 2.999991e+02 5.000000e+02 7.000032e+02 1.000000e+03 1.499996e+03 2.000000e+03 2.999991e+03 5.000000e+03 7.000032e+03 1.000000e+04 
6.288738e-53 4.314535e-46 1.381158e-40 3.321147e-38 2.113100e-36 5.595985e-35 2.960416e-34 1.618734e-33 6.573349e-33 1.222507e-32 1.970233e-32 2.879675e-32 3.487733e-32 4.213733e-32 4.844502e-32 5.082127e-32 5.195439e-32 5.179139e-32 5.092584e-32 4.891080e-32 4.546257e-32 4.285481e-32 3.994140e-32 3.656621e-32 3.418880e-32 3.092540e-32 2.703720e-32 2.464394e-32 2.226746e-32 
1.969897e+01 1.225093e-01 8.000072e+03 8.831512e-01 3.041058e+00 -3.870457e+00 29
2.000000e-01 2.999991e-01 5.000000e-01 7.000032e-01 1.000000e+00 1.499996e+00 2.000000e+00 2.999991e+00 5.000000e+00 7.000032e+00 1.000000e+01 1.499996e+01 2.000000e+01 2.999991e+01 5.000000e+01 7.000032e+01 1.000000e+02 1.499996e+02 2.000000e+02 2.999991e+02 5.000000e+02 7.000032e+02 1.000000e+03 1.499996e+03 2.000000e+03 2.999991e+03 5.000000e+03 7.000032e+03 1.000000e+04 
9.419736e-53 5.456015e-46 1.525490e-40 3.461882e-38 2.109344e-36 5.402328e-35 2.811114e-34 1.512407e-33 6.066626e-33 1.122933e-32 1.804324e-32 2.633039e-32 3.188306e-32 3.854413e-32 4.440171e-32 4.666567e-32 4.781697e-32 4.781047e-32 4.712112e-32 4.541600e-32 4.241520e-32 4.011421e-32 3.752256e-32 3.449803e-32 3.235504e-32 2.939759e-32 2.585041e-32 2.365410e-32 2.146294e-32 
2.000000e+01 1.029151e-01 8.000072e+03 8.893524e-01 3.020415e+00 -3.821327e+00 29
2.000000e-01 2.999991e-01 5.000000e-01 7.000032e-01 1.000000e+00 1.499996e+00 2.000000e+00 2.999991e+00 5.000000e+00 7.000032e+00 1.000000e+01 1.499996e+01 2.000000e+01 2.999991e+01 5.000000e+01 7.000032e+01 1.000000e+02 1.499996e+02 2.000000e+02 2.999991e+02 5.000000e+02 7.000032e+02 1.000000e+03 1.499996e+03 2.000000e+03 2.999991e+03 5.000000e+03 7.000032e+03 1.000000e+04 
1.569060e-52 7.381894e-46 1.747851e-40 3.694131e-38 2.134200e-36 5.245524e-35 2.674420e-34 1.410301e-33 5.570903e-33 1.024972e-32 1.640427e-32 2.388451e-32 2.890595e-32 3.495831e-32 4.034699e-32 4.248420e-32 4.363818e-32 4.377187e-32 4.324868e-32 4.184214e-32 3.927962e-32 3.728246e-32 3.501199e-32 3.234014e-32 3.043452e-32 2.778885e-32 2.459211e-32 2.259977e-32 2.060179e-32 
2.030103e+01 7.953964e-02 8.000073e+03 8.968708e-01 2.986445e+00 -3.749256e+00 29
2.000000e-01 2.999991e-01 5.000000e-01 7.000032e-01 1.000000e+00 1.499996e+00 2.000000e+00 2.999991e+00 5.000000e+00 7.000032e+00 1.000000e+01 1.499996e+01 2.000000e+01 2.999991e+01 5.000000e+01 7.000032e+01 1.000000e+02 1.499996e+02 2.000000e+02 2.999991e+02 5.000000e+02 7.000032e+02 1.000000e+03 1.499996e+03 2.000000e+03 2.999991e+03 5.000000e+03 7.000032e+03 1.000000e+04 
3.665643e-52 1.228566e-45 2.218104e-40 4.174367e-38 2.211054e-36 5.081128e-35 2.505683e-34 1.278653e-33 4.925046e-33 8.971276e-33 1.426323e-32 2.068554e-32 2.500789e-32 3.025414e-32 3.501168e-32 3.696986e-32 3.811357e-32 3.841698e-32 3.810347e-32 3.708020e-32 3.508805e-32 3.349012e-32 3.164452e-32 2.944254e-32 2.785506e-32 2.562971e-32 2.290897e-32 2.119561e-32 1.946327e-32 
2.069897e+01 4.519954e-02 8.000072e+03 9.175469e-01 2.906461e+00 -3.588645e+00 29
2.000000e-01 2.999991e-01 5.000000e-01 7.000032e-01 1.000000e+00 1.499996e+00 2.000000e+00 2.999991e+00 5.000000e+00 7.000032e+00 1.000000e+01 1.499996e+01 2.000000e+01 2.999991e+01 5.000000e+01 7.000032e+01 1.000000e+02 1.499996e+02 2.000000e+02 2.999991e+02 5.000000e+02 7.000032e+02 1.000000e+03 1.499996e+03 2.000000e+03 2.999991e+03 5.000000e+03 7.000032e+03 1.000000e+04 
2.649825e-51 4.057422e-45 3.915733e-40 5.636200e-38 2.442609e-36 4.805574e-35 2.194039e-34 1.037739e-33 3.770121e-33 6.709745e-33 1.050369e-32 1.509222e-32 1.819851e-32 2.202865e-32 2.564517e-32 2.725147e-32 2.832955e-32 2.887426e-32 2.889096e-32 2.849478e-32 2.746413e-32 2.655322e-32 2.544973e-32 2.408108e-32 2.306559e-32 2.160608e-32 1.976802e-32 1.858066e-32 1.735612e-32 
2.100000e+01 2.094163e-02 7.999977e+03 1.090234e+00 2.818962e+00 -3.277085e+00 29
2.000000e-01 2.999991e-01 5.000000e-01 7.000032e-01 1.000000e+00 1.499996e+00 2.000000e+00 2.999991e+00 5.000000e+00 7.000032e+00 1.000000e+01 1.499996e+01 2.000000e+01 2.999991e+01 5.000000e+01 7.000032e+01 1.000000e+02 1.499996e+02 2.000000e+02 2.999991e+02 5.000000e+02 7.000032e+02 1.000000e+03 1.499996e+03 2.000000e+03 2.999991e+03 5.000000e+03 7.000032e+03 1.000000e+04 
2.098751e-50 1.398272e-44 6.937233e-40 7.510401e-38 2.629953e-36 4.386783e-35 1.845332e-34 8.051011e-34 2.748523e-33 4.771950e-33 7.347678e-33 1.045287e-32 1.256890e-32 1.522242e-32 1.783350e-32 1.907849e-32 2.001023e-32 2.063886e-32 2.084587e-32 2.085837e-32 2.050578e-32 2.010309e-32 1.956641e-32 1.885478e-32 1.830275e-32 1.748058e-32 1.640342e-32 1.568486e-32 1.492573e-32 
2.130103e+01 1.986786e-03 8.000073e+03 2.745352e+00 2.735828e+00 -1.486204e+00 29
2.000000e-01 2.999991e-01 5.000000e-01 7.000032e-01 1.000000e+00 1.499996e+00 2.000000e+00 2.999991e+00 5.000000e+00 7.000032e+00 1.000000e+01 1.499996e+01 2.000000e+01 2.999991e+01 5.000000e+01 7.000032e+01 1.000000e+02 1.499996e+02 2.000000e+02 2.999991e+02 5.000000e+02 7.000032e+02 1.000000e+03 1.499996e+03 2.000000e+03 2.999991e+03 5.000000e+03 7.000032e+03 1.000000e+04 
1.209339e-49 3.750439e-44 1.009675e-39 8.414844e-38 2.422923e-36 3.473702e-35 1.355688e-34 5.494573e-34 1.773064e-33 3.011200e-33 4.570525e-33 6.450081e-33 7.742759e-33 9.395238e-33 1.109278e-32 1.195809e-32 1.266564e-32 1.323337e-32 1.350223e-32 1.372063e-32 1.377670e-32 1.370744e-32 1.356146e-32 1.332350e-32 1.311799e-32 1.278874e-32 1.232598e-32 1.200125e-32 1.164600e-32 
***Atomic number=2; Number of charge states=2
**Charge state=1, Number of density intervals=1
1.900000e+01 2.361288e-02 8.000008e+03 6.816375e-01 4.270596e+00 -3.416105e+00 30
2.000921e-01 3.001373e-01 5.002303e-01 7.003256e-01 1.000461e+00 1.500687e+00 2.000921e+00 3.001373e+00 5.002303e+00 7.003256e+00 1.000461e+01 1.500687e+01 2.000921e+01 3.001373e+01 5.002303e+01 7.003256e+01 1.000461e+02 1.500687e+02 2.000921e+02 3.001373e+02 5.002303e+02 7.003256e+02 1.000461e+03 1.500687e+03 2.000921e+03 3.001373e+03 5.002303e+03 7.003256e+03 1.000461e+04 1.500687e+04 
9.253903e-73 1.648039e-59 7.189438e-49 2.759172e-44 7.937742e-41 4.120170e-38 9.737770e-37 2.414987e-35 3.382292e-34 1.091591e-33 2.714060e-33 5.706722e-33 8.443849e-33 1.279598e-32 1.840837e-32 2.185350e-32 2.512888e-32 2.831025e-32 3.021236e-32 3.242043e-32 3.449986e-32 3.550227e-32 3.629603e-32 3.691410e-32 3.719769e-32 3.741556e-32 3.744351e-32 3.734176e-32 3.715038e-32 3.684786e-32 
**Charge state=2, Number of density intervals=1
1.900000e+01 1.174688e-01 8.000041e+03 5.886143e-01 5.465541e+00 -4.140042e+00 28
5.002303e-01 7.003256e-01 1.000461e+00 1.500687e+00 2.000921e+00 3.001373e+00 5.002303e+00 7.003256e+00 1.000461e+01 1.500687e+01 2.000921e+01 3.001373e+01 5.002303e+01 7.003256e+01 1.000461e+02 1.500687e+02 2.000921e+02 3.001373e+02 5.002303e+02 7.003256e+02 1.000461e+03 1.500687e+03 2.000921e+03 3.001373e+03 5.002303e+03 7.003256e+03 1.000461e+04 1.500687e+04 
7.932992e-59 2.303656e-51 9.560067e-46 2.371253e-41 3.873557e-39 6.635885e-37 4.354020e-35 2.718324e-34 1.105449e-33 3.390937e-33 6.033288e-33 1.090749e-32 1.778726e-32 2.201448e-32 2.579533e-32 2.899123e-32 3.052163e-32 3.171505e-32 3.186415e-32 3.131675e-32 3.032075e-32 2.881310e-32 2.757690e-32 2.569124e-32 2.320584e-32 2.156409e-32 1.985741e-32 1.798915e-32 
***Atomic number=3; Number of charge states=3
**Charge state=1, Number of density intervals=2
1.900000e+01 3.210283e-01 8.000198e+03 2.852736e+00 1.353802e+00 -1.864550e+00 25
2.000921e-01 3.001373e-01 5.002303e-01 7.003256e-01 1.000461e+00 3.001373e+00 5.002303e+00 7.003256e+00 1.000461e+01 2.000921e+01 3.001373e+01 4.001843e+01 5.002303e+01 6.002746e+01 7.003256e+01 9.004094e+01 1.000461e+02 3.001373e+02 5.002303e+02 7.003256e+02 1.000461e+03 3.001373e+03 5.002303e+03 7.003256e+03 1.000461e+04 
1.001132e-35 2.493095e-34 3.464574e-33 1.104690e-32 2.696474e-32 1.161707e-31 1.577722e-31 1.794533e-31 1.964315e-31 2.123858e-31 2.129605e-31 2.103502e-31 2.069393e-31 2.034080e-31 1.999804e-31 1.936771e-31 1.908149e-31 1.568264e-31 1.403550e-31 1.297868e-31 1.189917e-31 8.923439e-32 7.740292e-32 7.031223e-32 6.338695e-32 
1.900000e+01 7.706306e+02 7.982209e+03 1.999968e+01 1.288501e+00 -1.999968e+01 25
1.000000e+00 1.000000e+00 1.258867e+00 1.258867e+00 1.584747e+00 1.994941e+00 1.994941e+00 2.511366e+00 2.511366e+00 3.161477e+00 3.979880e+00 3.979880e+00 5.010142e+00 6.306959e+00 6.306959e+00 7.939625e+00 7.939625e+00 9.994936e+00 1.258230e+01 1.258230e+01 1.583945e+01 1.583945e+01 1.993976e+01 2.510094e+01 2.510094e+01 
8.764553e-32 8.764553e-32 1.119282e-31 1.119282e-31 1.327860e-31 1.485597e-31 1.485597e-31 1.586364e-31 1.586364e-31 1.632293e-31 1.630747e-31 1.630747e-31 1.591453e-31 1.524442e-31 1.524442e-31 1.438780e-31 1.438780e-31 1.342045e-31 1.240160e-31 1.240160e-31 1.137526e-31 1.137526e-31 1.037244e-31 9.413862e-32 9.413862e-32 
**Charge state=2, Number of density intervals=1
1.900000e+01 9.736368e-02 8.000010e+03 5.230501e-01 6.794396e+00 -4.111383e+00 22
7.003256e-01 1.000461e+00 3.001373e+00 5.002303e+00 7.003256e+00 1.000461e+01 2.000921e+01 3.001373e+01 4.001843e+01 5.002303e+01 6.002746e+01 7.003256e+01 9.004094e+01 1.000461e+02 3.001373e+02 5.002303e+02 7.003256e+02 1.000461e+03 3.001373e+03 5.002303e+03 7.003256e+03 1.000461e+04 
1.324857e-61 5.819279e-53 2.074918e-39 1.204589e-36 1.925957e-35 1.595419e-34 2.034687e-33 4.943071e-33 7.813768e-33 1.035040e-32 1.252507e-32 1.437889e-32 1.732544e-32 1.850435e-32 2.722893e-32 2.882415e-32 2.914499e-32 2.897165e-32 2.621238e-32 2.428893e-32 2.292898e-32 2.145486e-32 
**Charge state=3, Number of density intervals=1
1.900000e+01 5.377897e-01 8.000096e+03 4.722462e-01 8.837129e+00 -4.740616e+00 21
1.000461e+00 3.001373e+00 5.002303e+00 7.003256e+00 1.000461e+01 2.000921e+01 3.001373e+01 4.001843e+01 5.002303e+01 6.002746e+01 7.003256e+01 9.004094e+01 1.000461e+02 3.001373e+02 5.002303e+02 7.003256e+02 1.000461e+03 3.001373e+03 5.002303e+03 7.003256e+03 1.000461e+04 
9.116287e-67 5.395701e-44 2.194517e-39 2.171563e-37 7.068971e-36 4.464790e-34 1.850365e-33 3.818585e-33 5.931419e-33 7.975819e-33 9.866096e-33 1.311142e-32 1.448196e-32 2.537686e-32 2.721156e-32 2.736962e-32 2.681660e-32 2.232397e-32 1.963772e-32 1.785800e-32 1.602542e-32 
***Atomic number=4; Number of charge states=0
***Atomic number=5; Number of charge states=5
**Charge state=1, Number of density intervals=1
1.900000e+01 1.032516e+03 8.928102e+03 1.668683e+01 2.229007e+00 -8.270881e+00 48
1.000000e+00 1.258925e+00 1.584893e+00 1.995262e+00 2.511886e+00 3.162278e+00 3.981072e+00 5.011872e+00 6.309573e+00 7.943282e+00 1.000000e+01 1.258925e+01 1.584893e+01 1.995262e+01 2.511886e+01 3.162278e+01 3.981072e+01 5.011872e+01 6.309573e+01 7.943282e+01 1.000000e+02 1.258925e+02 1.584893e+02 1.995262e+02 2.511886e+02 3.162278e+02 3.981072e+02 5.011872e+02 6.309573e+02 7.943282e+02 1.000000e+03 1.258925e+03 1.584893e+03 1.995262e+03 2.511886e+03 3.162278e+03 3.981072e+03 5.011872e+03 6.309573e+03 7.943282e+03 1.000000e+04 1.258925e+04 1.584893e+04 1.995262e+04 2.511886e+04 3.162278e+04 3.981072e+04 5.011872e+04 
1.747003e-32 4.644426e-32 9.905376e-32 1.771263e-31 2.751143e-31 3.818100e-31 4.843099e-31 5.717645e-31 6.374281e-31 6.789000e-31 6.972188e-31 6.955650e-31 6.780765e-31 6.489914e-31 6.121387e-31 5.707037e-31 5.271763e-31 4.834023e-31 4.406806e-31 3.998733e-31 3.615082e-31 3.258670e-31 2.930561e-31 2.630614e-31 2.357897e-31 2.110985e-31 1.888176e-31 1.687638e-31 1.507516e-31 1.345992e-31 1.201331e-31 1.071902e-31 9.561945e-32 8.528193e-32 7.605081e-32 6.781096e-32 6.045826e-32 5.389883e-32 4.804826e-32 4.283075e-32 3.817840e-32 3.403039e-32 3.033235e-32 2.703567e-32 2.409694e-32 2.147739e-32 1.914243e-32 1.706119e-32 
**Charge state=2, Number of density intervals=1
1.900000e+01 6.588850e+01 8.928179e+03 1.238343e+00 2.193088e+00 -7.437471e+00 48
1.000000e+00 1.258925e+00 1.584893e+00 1.995262e+00 2.511886e+00 3.162278e+00 3.981072e+00 5.011872e+00 6.309573e+00 7.943282e+00 1.000000e+01 1.258925e+01 1.584893e+01 1.995262e+01 2.511886e+01 3.162278e+01 3.981072e+01 5.011872e+01 6.309573e+01 7.943282e+01 1.000000e+02 1.258925e+02 1.584893e+02 1.995262e+02 2.511886e+02 3.162278e+02 3.981072e+02 5.011872e+02 6.309573e+02 7.943282e+02 1.000000e+03 1.258925e+03 1.584893e+03 1.995262e+03 2.511886e+03 3.162278e+03 3.981072e+03 5.011872e+03 6.309573e+03 7.943282e+03 1.000000e+04 1.258925e+04 1.584893e+04 1.995262e+04 2.511886e+04 3.162278e+04 3.981072e+04 5.011872e+04 
5.482870e-33 1.526524e-32 3.433505e-32 6.502846e-32 1.071858e-31 1.578654e-31 2.121873e-31 2.647266e-31 3.107816e-31 3.471305e-31 3.722266e-31 3.859889e-31 3.893958e-31 3.840480e-31 3.717984e-31 3.544854e-31 3.337693e-31 3.110513e-31 2.874514e-31 2.638217e-31 2.407798e-31 2.187486e-31 1.979965e-31 1.786739e-31 1.608442e-31 1.445084e-31 1.296253e-31 1.161262e-31 1.039256e-31 9.292994e-32 8.304249e-32 7.416757e-32 6.621295e-32 5.909136e-32 5.272140e-32 4.702791e-32 4.194202e-32 3.740098e-32 3.334793e-32 2.973150e-32 2.650540e-32 2.362805e-32 2.106213e-32 1.877420e-32 1.673433e-32 1.491577e-32 1.329460e-32 1.184947e-32 
**Charge state=3, Number of density intervals=1
1.900000e+01 6.545892e+01 8.928178e+03 3.582929e+00 2.251357e+00 -8.089550e+00 48
1.000000e+00 1.258925e+00 1.584893e+00 1.995262e+00 2.511886e+00 3.162278e+00 3.981072e+00 5.011872e+00 6.309573e+00 7.943282e+00 1.000000e+01 1.258925e+01 1.584893e+01 1.995262e+01 2.511886e+01 3.162278e+01 3.981072e+01 5.011872e+01 6.309573e+01 7.943282e+01 1.000000e+02 1.258925e+02 1.584893e+02 1.995262e+02 2.511886e+02 3.162278e+02 3.981072e+02 5.011872e+02 6.309573e+02 7.943282e+02 1.000000e+03 1.258925e+03 1.584893e+03 1.995262e+03 2.511886e+03 3.162278e+03 3.981072e+03 5.011872e+03 6.309573e+03 7.943282e+03 1.000000e+04 1.258925e+04 1.584893e+04 1.995262e+04 2.511886e+04 3.162278e+04 3.981072e+04 5.011872e+04 
1.887034e-33 5.422594e-33 1.243319e-32 2.377011e-32 3.924981e-32 5.757652e-32 7.675203e-32 9.468741e-32 1.097107e-31 1.208195e-31 1.276892e-31 1.305291e-31 1.298871e-31 1.264677e-31 1.209970e-31 1.141389e-31 1.064530e-31 9.838278e-32 9.026144e-32 8.232659e-32 7.473808e-32 6.759535e-32 6.095270e-32 5.483188e-32 4.923202e-32 4.413716e-32 3.952187e-32 3.535525e-32 3.160376e-32 2.823318e-32 2.520991e-32 2.250174e-32 2.007837e-32 1.791165e-32 1.597567e-32 1.424675e-32 1.270340e-32 1.132615e-32 1.009743e-32 9.001468e-33 8.024068e-33 7.152522e-33 6.375444e-33 5.682654e-33 5.065048e-33 4.514496e-33 4.023738e-33 3.586294e-33 
**Charge state=4, Number of density intervals=1
1.900000e+01 1.451074e+05 8.940633e+03 1.998612e+01 1.387805e+01 -8.270465e+00 45
1.995262e+00 2.511886e+00 3.162278e+00 3.981072e+00 5.011872e+00 6.309573e+00 7.943282e+00 1.000000e+01 1.258925e+01 1.584893e+01 1.995262e+01 2.511886e+01 3.162278e+01 3.981072e+01 5.011872e+01 6.309573e+01 7.943282e+01 1.000000e+02 1.258925e+02 1.584893e+02 1.995262e+02 2.511886e+02 3.162278e+02 3.981072e+02 5.011872e+02 6.309573e+02 7.943282e+02 1.000000e+03 1.258925e+03 1.584893e+03 1.995262e+03 2.511886e+03 3.162278e+03 3.981072e+03 5.011872e+03 6.309573e+03 7.943282e+03 1.000000e+04 1.258925e+04 1.584893e+04 1.995262e+04 2.511886e+04 3.162278e+04 3.981072e+04 5.011872e+04 
1.205227e-73 5.354690e-65 4.007037e-58 1.167078e-52 2.572787e-48 7.279042e-45 4.019868e-42 6.045419e-40 3.225420e-38 7.533129e-37 9.102948e-36 6.500939e-35 3.050552e-34 1.023502e-33 2.626654e-33 5.441595e-33 9.501031e-33 1.447110e-32 1.976464e-32 2.474599e-32 2.890693e-32 3.195175e-32 3.379599e-32 3.451515e-32 3.427958e-32 3.329805e-32 3.177843e-32 2.990522e-32 2.782996e-32 2.566986e-32 2.351098e-32 2.141329e-32 1.941608e-32 1.754294e-32 1.580599e-32 1.420924e-32 1.275114e-32 1.142655e-32 1.022808e-32 9.147178e-33 8.174722e-33 7.301548e-33 6.518733e-33 5.817784e-33 5.190745e-33 
**Charge state=5, Number of density intervals=1
1.900000e+01 1.451074e+05 8.940634e+03 2.000000e+01 1.564168e+01 -8.380634e+00 44
2.511886e+00 3.162278e+00 3.981072e+00 5.011872e+00 6.309573e+00 7.943282e+00 1.000000e+01 1.258925e+01 1.584893e+01 1.995262e+01 2.511886e+01 3.162278e+01 3.981072e+01 5.011872e+01 6.309573e+01 7.943282e+01 1.000000e+02 1.258925e+02 1.584893e+02 1.995262e+02 2.511886e+02 3.162278e+02 3.981072e+02 5.011872e+02 6.309573e+02 7.943282e+02 1.000000e+03 1.258925e+03 1.584893e+03 1.995262e+03 2.511886e+03 3.162278e+03 3.981072e+03 5.011872e+03 6.309573e+03 7.943282e+03 1.000000e+04 1.258925e+04 1.584893e+04 1.995262e+04 2.511886e+04 3.162278e+04 3.981072e+04 5.011872e+04 
2.224658e-74 1.182625e-65 1.020576e-58 3.329020e-53 8.030018e-49 2.440411e-45 1.426614e-42 2.244747e-40 1.241519e-38 2.983832e-37 3.688700e-36 2.682505e-35 1.277055e-34 4.334196e-34 1.122518e-33 2.342488e-33 4.113743e-33 6.294622e-33 8.628776e-33 1.083507e-32 1.268634e-32 1.404850e-32 1.488117e-32 1.521556e-32 1.512571e-32 1.470344e-32 1.404063e-32 1.321913e-32 1.230634e-32 1.135448e-32 1.040197e-32 9.475645e-33 8.593117e-33 7.765015e-33 6.996842e-33 6.290472e-33 5.645298e-33 5.059096e-33 4.528645e-33 4.050176e-33 3.619678e-33 3.233106e-33 2.886520e-33 2.576167e-33 
