Maximum atomic number in file=3, Number of elements=2
***Atomic number=1; Number of charge states=1
**Charge state=1, Number of density intervals=1
1.900000e+01 5.574609e-32 8.000000e+03 7.987639e-01 3.520172e+00 -1.389108e+00 29
2.000000e-01 2.999991e-01 5.000000e-01 7.000032e-01 1.000000e+00 1.499996e+00 2.000000e+00 2.999991e+00 5.000000e+00 7.000032e+00 1.000000e+01 1.499996e+01 2.000000e+01 2.999991e+01 5.000000e+01 7.000032e+01 1.000000e+02 1.499996e+02 2.000000e+02 2.999991e+02 5.000000e+02 7.000032e+02 1.000000e+03 1.499996e+03 2.000000e+03 2.999991e+03 5.000000e+03 7.000032e+03 1.000000e+04 
6.785736e-58 4.937481e-49 5.549754e-42 5.520978e-39 9.321722e-37 4.757438e-35 3.278563e-34 2.155504e-33 9.082628e-33 1.618888e-32 2.423463e-32 3.212070e-32 3.630238e-32 4.013572e-32 4.222333e-32 4.246269e-32 4.210516e-32 4.123297e-32 4.043853e-32 3.918842e-32 3.752143e-32 3.641349e-32 3.525142e-32 3.395838e-32 3.306327e-32 3.183630e-32 3.035022e-32 2.940785e-32 2.844010e-32 
***Atomic number=3; Number of charge states=1
**Charge state=1, Number of density intervals=11
1.400000e+01 2.334646e-01 6.371224e+00 1.300393e+00 1.650997e+00 -3.546088e+00 25
2.000921e-01 3.001373e-01 5.002303e-01 7.003256e-01 1.000461e+00 3.001373e+00 5.002303e+00 7.003256e+00 1.000461e+01 2.000921e+01 3.001373e+01 4.001843e+01 5.002303e+01 6.002746e+01 7.003256e+01 9.004094e+01 1.000461e+02 3.001373e+02 5.002303e+02 7.003256e+02 1.000461e+03 3.001373e+03 5.002303e+03 7.003256e+03 1.000461e+04 
2.677138e-35 2.268527e-34 2.606330e-33 9.482307e-33 2.697352e-32 1.420406e-31 1.931437e-31 2.173675e-31 2.342846e-31 2.450637e-31 2.412069e-31 2.353170e-31 2.293977e-31 2.238768e-31 2.188234e-31 2.100011e-31 2.061356e-31 1.636693e-31 1.444212e-31 1.323709e-31 1.202687e-31 8.785613e-32 7.532720e-32 6.791455e-32 6.074569e-32 
1.469897e+01 2.334646e-01 6.371224e+00 1.300393e+00 1.650997e+00 -3.546088e+00 25
2.000921e-01 3.001373e-01 5.002303e-01 7.003256e-01 1.000461e+00 3.001373e+00 5.002303e+00 7.003256e+00 1.000461e+01 2.000921e+01 3.001373e+01 4.001843e+01 5.002303e+01 6.002746e+01 7.003256e+01 9.004094e+01 1.000461e+02 3.001373e+02 5.002303e+02 7.003256e+02 1.000461e+03 3.001373e+03 5.002303e+03 7.003256e+03 1.000461e+04 
2.677138e-35 2.268527e-34 2.606330e-33 9.482307e-33 2.697352e-32 1.420406e-31 1.931437e-31 2.173675e-31 2.342846e-31 2.450637e-31 2.412069e-31 2.353170e-31 2.293977e-31 2.238768e-31 2.188234e-31 2.100011e-31 2.061356e-31 1.636693e-31 1.444212e-31 1.323709e-31 1.202687e-31 8.785613e-32 7.532720e-32 6.791455e-32 6.074569e-32 
1.500000e+01 2.334646e-01 6.371224e+00 1.300393e+00 1.650997e+00 -3.546088e+00 25
2.000921e-01 3.001373e-01 5.002303e-01 7.003256e-01 1.000461e+00 3.001373e+00 5.002303e+00 7.003256e+00 1.000461e+01 2.000921e+01 3.001373e+01 4.001843e+01 5.002303e+01 6.002746e+01 7.003256e+01 9.004094e+01 1.000461e+02 3.001373e+02 5.002303e+02 7.003256e+02 1.000461e+03 3.001373e+03 5.002303e+03 7.003256e+03 1.000461e+04 
2.677138e-35 2.268527e-34 2.606330e-33 9.482307e-33 2.697352e-32 1.420406e-31 1.931437e-31 2.173675e-31 2.342846e-31 2.450637e-31 2.412069e-31 2.353170e-31 2.293977e-31 2.238768e-31 2.188234e-31 2.100011e-31 2.061356e-31 1.636693e-31 1.444212e-31 1.323709e-31 1.202687e-31 8.785613e-32 7.532720e-32 6.791455e-32 6.074569e-32 
1.569897e+01 2.353477e-01 6.305464e+00 1.276851e+00 1.664455e+00 -3.571225e+00 25
2.000921e-01 3.001373e-01 5.002303e-01 7.003256e-01 1.000461e+00 3.001373e+00 5.002303e+00 7.003256e+00 1.000461e+01 2.000921e+01 3.001373e+01 4.001843e+01 5.002303e+01 6.002746e+01 7.003256e+01 9.004094e+01 1.000461e+02 3.001373e+02 5.002303e+02 7.003256e+02 1.000461e+03 3.001373e+03 5.002303e+03 7.003256e+03 1.000461e+04 
2.815903e-35 2.324811e-34 2.610707e-33 9.438810e-33 2.680669e-32 1.416889e-31 1.929623e-31 2.173156e-31 2.343508e-31 2.452680e-31 2.414396e-31 2.355520e-31 2.296269e-31 2.240973e-31 2.190344e-31 2.101933e-31 2.063191e-31 1.637502e-31 1.444573e-31 1.323807e-31 1.202538e-31 8.778679e-32 7.524259e-32 6.782285e-32 6.064871e-32 
1.600000e+01 2.334646e-01 6.371224e+00 1.300393e+00 1.650997e+00 -3.546088e+00 25
2.000921e-01 3.001373e-01 5.002303e-01 7.003256e-01 1.000461e+00 3.001373e+00 5.002303e+00 7.003256e+00 1.000461e+01 2.000921e+01 3.001373e+01 4.001843e+01 5.002303e+01 6.002746e+01 7.003256e+01 9.004094e+01 1.000461e+02 3.001373e+02 5.002303e+02 7.003256e+02 1.000461e+03 3.001373e+03 5.002303e+03 7.003256e+03 1.000461e+04 
2.677138e-35 2.268527e-34 2.606330e-33 9.482307e-33 2.697352e-32 1.420406e-31 1.931437e-31 2.173675e-31 2.342846e-31 2.450637e-31 2.412069e-31 2.353170e-31 2.293977e-31 2.238768e-31 2.188234e-31 2.100011e-31 2.061356e-31 1.636693e-31 1.444212e-31 1.323709e-31 1.202687e-31 8.785613e-32 7.532720e-32 6.791455e-32 6.074569e-32 
1.669897e+01 2.352341e-01 6.309310e+00 1.277803e+00 1.663439e+00 -3.569987e+00 25
2.000921e-01 3.001373e-01 5.002303e-01 7.003256e-01 1.000461e+00 3.001373e+00 5.002303e+00 7.003256e+00 1.000461e+01 2.000921e+01 3.001373e+01 4.001843e+01 5.002303e+01 6.002746e+01 7.003256e+01 9.004094e+01 1.000461e+02 3.001373e+02 5.002303e+02 7.003256e+02 1.000461e+03 3.001373e+03 5.002303e+03 7.003256e+03 1.000461e+04 
2.810967e-35 2.324007e-34 2.612574e-33 9.446833e-33 2.682598e-32 1.417060e-31 1.929563e-31 2.172957e-31 2.343204e-31 2.452305e-31 2.414042e-31 2.355201e-31 2.295984e-31 2.240719e-31 2.190117e-31 2.101754e-31 2.063032e-31 1.637538e-31 1.444681e-31 1.323954e-31 1.202721e-31 8.781163e-32 7.526871e-32 6.784932e-32 6.067520e-32 
1.700000e+01 2.343590e-01 6.319302e+00 1.282395e+00 1.659560e+00 -3.563632e+00 25
2.000921e-01 3.001373e-01 5.002303e-01 7.003256e-01 1.000461e+00 3.001373e+00 5.002303e+00 7.003256e+00 1.000461e+01 2.000921e+01 3.001373e+01 4.001843e+01 5.002303e+01 6.002746e+01 7.003256e+01 9.004094e+01 1.000461e+02 3.001373e+02 5.002303e+02 7.003256e+02 1.000461e+03 3.001373e+03 5.002303e+03 7.003256e+03 1.000461e+04 
2.795428e-35 2.321523e-34 2.618084e-33 9.468891e-33 2.687238e-32 1.416503e-31 1.927948e-31 2.170838e-31 2.340803e-31 2.450034e-31 2.412139e-31 2.353632e-31 2.294698e-31 2.239672e-31 2.189275e-31 2.101242e-31 2.062655e-31 1.638389e-31 1.445948e-31 1.325437e-31 1.204386e-31 8.800782e-32 7.546784e-32 6.804755e-32 6.087048e-32 
1.769897e+01 2.363382e-01 6.284942e+00 1.264279e+00 1.672281e+00 -3.587310e+00 25
2.000921e-01 3.001373e-01 5.002303e-01 7.003256e-01 1.000461e+00 3.001373e+00 5.002303e+00 7.003256e+00 1.000461e+01 2.000921e+01 3.001373e+01 4.001843e+01 5.002303e+01 6.002746e+01 7.003256e+01 9.004094e+01 1.000461e+02 3.001373e+02 5.002303e+02 7.003256e+02 1.000461e+03 3.001373e+03 5.002303e+03 7.003256e+03 1.000461e+04 
2.851963e-35 2.330577e-34 2.595881e-33 9.370812e-33 2.662230e-32 1.411277e-31 1.923242e-31 2.166359e-31 2.336241e-31 2.444374e-31 2.405478e-31 2.346205e-31 2.286678e-31 2.231181e-31 2.180401e-31 2.091784e-31 2.052971e-31 1.627070e-31 1.434341e-31 1.313789e-31 1.192807e-31 8.692895e-32 7.444639e-32 6.706837e-32 5.993871e-32 
1.800000e+01 2.370597e-01 6.284370e+00 1.248984e+00 1.677004e+00 -3.602502e+00 25
2.000921e-01 3.001373e-01 5.002303e-01 7.003256e-01 1.000461e+00 3.001373e+00 5.002303e+00 7.003256e+00 1.000461e+01 2.000921e+01 3.001373e+01 4.001843e+01 5.002303e+01 6.002746e+01 7.003256e+01 9.004094e+01 1.000461e+02 3.001373e+02 5.002303e+02 7.003256e+02 1.000461e+03 3.001373e+03 5.002303e+03 7.003256e+03 1.000461e+04 
2.866776e-35 2.332065e-34 2.586954e-33 9.327531e-33 2.649013e-32 1.405149e-31 1.915480e-31 2.157952e-31 2.327480e-31 2.435658e-31 2.397090e-31 2.338133e-31 2.278886e-31 2.223633e-31 2.173067e-31 2.084811e-31 2.046151e-31 1.621838e-31 1.429789e-31 1.309654e-31 1.189084e-31 8.666427e-32 7.422222e-32 6.686787e-32 5.976088e-32 
1.869897e+01 2.063072e-01 6.405614e+00 1.377946e+00 1.589078e+00 -3.423567e+00 25
2.000921e-01 3.001373e-01 5.002303e-01 7.003256e-01 1.000461e+00 3.001373e+00 5.002303e+00 7.003256e+00 1.000461e+01 2.000921e+01 3.001373e+01 4.001843e+01 5.002303e+01 6.002746e+01 7.003256e+01 9.004094e+01 1.000461e+02 3.001373e+02 5.002303e+02 7.003256e+02 1.000461e+03 3.001373e+03 5.002303e+03 7.003256e+03 1.000461e+04 
2.591085e-35 2.281828e-34 2.653939e-33 9.524199e-33 2.654929e-32 1.341928e-31 1.814508e-31 2.040635e-31 2.201801e-31 2.316246e-31 2.290795e-31 2.243546e-31 2.194176e-31 2.147278e-31 2.103865e-31 2.027251e-31 1.993413e-31 1.613906e-31 1.438008e-31 1.326728e-31 1.214049e-31 9.073005e-32 7.865051e-32 7.143468e-32 6.440135e-32 
1.900000e+01 2.733053e-31 8.000000e+03 1.906382e+00 1.831389e+00 -4.479243e-01 25
2.000921e-01 3.001373e-01 5.002303e-01 7.003256e-01 1.000461e+00 3.001373e+00 5.002303e+00 7.003256e+00 1.000461e+01 2.000921e+01 3.001373e+01 4.001843e+01 5.002303e+01 6.002746e+01 7.003256e+01 9.004094e+01 1.000461e+02 3.001373e+02 5.002303e+02 7.003256e+02 1.000461e+03 3.001373e+03 5.002303e+03 7.003256e+03 1.000461e+04 
7.923013e-38 1.722237e-35 1.173451e-33 6.811338e-33 2.441109e-32 1.460109e-31 1.907529e-31 2.073079e-31 2.151503e-31 2.113814e-31 2.028065e-31 1.954152e-31 1.892982e-31 1.841747e-31 1.798064e-31 1.726932e-31 1.697331e-31 1.407123e-31 1.286762e-31 1.212789e-31 1.138837e-31 9.377506e-32 8.566597e-32 8.071036e-32 7.576940e-32 
